
data[0] = 3.400000
data[1] = 5.600000
data[2] = 4.300000
data[3] = 5.000000
data[4] = 2.000000